 
           1   0.0000000000000000     
 -------------------------
 ForceFieldType:LJ_Q      
 -------------------------
 Rmin Table:
  0.80000000000000004       0.80000000000000004       0.80000000000000004     
  0.80000000000000004       0.80000000000000004       0.80000000000000004     
  0.80000000000000004       0.80000000000000004       0.80000000000000004     
 Molecular Index List
 Type, Mol, Index
           1           1           1
           1           2           2
           1           3           3
           1           4           4
           1           5           5
           1           6           6
           1           7           7
           1           8           8
           1           9           9
           1          10          10
           1          11          11
           1          12          12
           1          13          13
           1          14          14
           1          15          15
           1          16          16
           1          17          17
           1          18          18
           1          19          19
           1          20          20
 ------------------------------------------------------------------
 iType:           1
 Number of Paths:           3
      2      1
      3      1
      4      1

 ------------------------------------------------------------------
 Regrow Type:           0
 Pairlist:
           1           1   0.0000000000000000     

 Initial Energy Table:

 Rejection Distance:  0.80000000000000004       0.80000000000000004       0.80000000000000004     
 Self Consistent Limit Hit
 Self Consistent Limit Hit
 Self Consistent Limit Hit
 Self Consistent Limit Hit
 Self Consistent Limit Hit
 Self Consistent Limit Hit
 Self Consistent Limit Hit
 Self Consistent Limit Hit
 Self Consistent Limit Hit
 Self Consistent Limit Hit
 Self Consistent Limit Hit
 Self Consistent Limit Hit
 Pairlist:
           1           1   0.0000000000000000     
           1           2  -78.953974383788591     
           1           3  -24.938476415954938     
           1           4  -12.381248222631257     
           1           5  -2390.7993818594186     
           1           6  -2138.9223185736628     
           1           7  -14.000865559875820     
           1           8  -292.09005113957392     
           1           9  -469.99086739865743     
           1          10  -50.842066473975137     
           2           1  -78.953974383788591     
           2           2   0.0000000000000000     
           2           3  -686.36086333866842     
           2           4  -214.83666374078166     
           2           5  -457.96813270758867     
           2           6   108.76428826238407     
           2           7  -2783.3447713009809     
           2           8   53.211322200964787     
           2           9  -2680.3271581818990     
           2          10   76.751705761213088     
           3           1  -24.938476415954938     
           3           2  -686.36086333866842     
           3           3   0.0000000000000000     
           3           4  -529.16696688996308     
           3           5   15.439041017329146     
           3           6   44.256254036350583     
           3           7  -2620.5413226726887     
           3           8  -330.31675567363709     
           3           9  -1559.0850740112510     
           3          10  -2832.2410790419381     
           4           1  -12.381248222631257     
           4           2  -214.83666374078166     
           4           3  -529.16696688996308     
           4           4   0.0000000000000000     
           4           5   73.834069364631432     
           4           6  -534.42021017262596     
           4           7  -937.17364860130328     
           4           8  -1981.1858822162030     
           4           9   533.45768671786936     
           4          10  -2350.2021201320822     
           5           1  -2390.7993818594186     
           5           2  -457.96813270758867     
           5           3   15.439041017329146     
           5           4   73.834069364631432     
           5           5   0.0000000000000000     
           5           6  -333.17207312750543     
           5           7  -50.535703526162251     
           5           8  -378.09237358487735     
           5           9  -2431.2594590426961     
           5          10  -42.662631392715411     
           6           1  -2138.9223185736628     
           6           2   108.76428826238407     
           6           3   44.256254036350583     
           6           4  -534.42021017262596     
           6           5  -333.17207312750543     
           6           6   0.0000000000000000     
           6           7   27.717002305216738     
           6           8  -2707.7992821109656     
           6           9  -478.42713984696456     
           6          10  -415.52081617199292     
           7           1  -14.000865559875820     
           7           2  -2783.3447713009809     
           7           3  -2620.5413226726887     
           7           4  -937.17364860130328     
           7           5  -50.535703526162251     
           7           6   27.717002305216738     
           7           7   0.0000000000000000     
           7           8  -110.94514777015138     
           7           9  -1259.7435522339874     
           7          10  -254.97241405827663     
           8           1  -292.09005113957392     
           8           2   53.211322200964787     
           8           3  -330.31675567363709     
           8           4  -1981.1858822162030     
           8           5  -378.09237358487735     
           8           6  -2707.7992821109656     
           8           7  -110.94514777015138     
           8           8   0.0000000000000000     
           8           9  -2505.7674744231408     
           8          10  -55.167442610902071     
           9           1  -469.99086739865743     
           9           2  -2680.3271581818990     
           9           3  -1559.0850740112510     
           9           4   533.45768671786936     
           9           5  -2431.2594590426961     
           9           6  -478.42713984696456     
           9           7  -1259.7435522339874     
           9           8  -2505.7674744231408     
           9           9   0.0000000000000000     
           9          10   472.37130423021154     
          10           1  -50.842066473975137     
          10           2   76.751705761213088     
          10           3  -2832.2410790419381     
          10           4  -2350.2021201320822     
          10           5  -42.662631392715411     
          10           6  -415.52081617199292     
          10           7  -254.97241405827663     
          10           8  -55.167442610902071     
          10           9   472.37130423021154     
          10          10   0.0000000000000000     

 ---------------------------------
 Culmative Energy,   Detailed Calc Final Energy
 Inter:  -35588.352734732878       -35588.352734713320     
 Intra Nonbonded:   0.0000000000000000        0.0000000000000000     
 Stretch:   0.0000000000000000        0.0000000000000000     
 Bend:   0.0000000000000000        0.0000000000000000     
 Torsional:   0.0000000000000000        0.0000000000000000     
 ---------------------------------
 Cluster Size Histogram:
 ---------------------------------
 Energy Table:
           1  -5472.9192500275603     
           2  -6663.0642474291235     
           3  -8522.9552429904143     
           4  -5952.0749838930860     
           5  -5995.2166448589960     
           6  -6427.5242953997658     
           7  -8003.5404234181988     
           8  -8308.1530873284792     
           9  -10378.771734190523     
          10  -5452.4855598904614     
 NeighborList:
 Acceptance Rate by Cluster Size:
           1   3.5945485967713511     
           2   7.8101679845035088     
           3   5.1533747389815691E-002
           4   20.472180947663858     
           5   2.6082420448617631E-002
           6  0.25256068472007859     
           7   2.6878960116455360E-002
           8   1.6393442622950820     
           9  0.44385665665239477     
          10   2.7648148899619907     
          11   2.6266515268868953     
          12   2.3701897844820290     
          13   2.5637292018560585     
          14   2.8581245705004061     
          15   2.4626708248051585     
          16   2.6630854475866230     
          17   2.5880516545003149     
          18   2.5096435515812132     
          19   2.8734061887430489     
