 
 -------------------------
 ForceFieldType:LJ_Q      
 -------------------------
 Rmin Table:
  0.80000000000000004       0.80000000000000004       0.80000000000000004     
  0.80000000000000004       0.80000000000000004       0.80000000000000004     
  0.80000000000000004       0.80000000000000004       0.80000000000000004     
 Molecular Index List
 Type, Mol, Index
           1           1           1
           1           2           2
           1           3           3
           1           4           4
           1           5           5
           1           6           6
           1           7           7
           1           8           8
           1           9           9
           1          10          10
 ------------------------------------------------------------------
 iType:           1
 Number of Paths:           3
      2      1
      3      1
      4      1

 ------------------------------------------------------------------
 Regrow Type:           0
 Pairlist:
           1           1   0.0000000000000000     

 Initial Energy Table:

 Rejection Distance:  0.80000000000000004       0.80000000000000004       0.80000000000000004     
 Pairlist:
           1           1   0.0000000000000000     
           1           2  -764.99363217402424     
           1           3   3.5498243412184820     
           1           4  -501.50045955951646     
           1           5   31.588738681504765     
           1           6   618.56957342657552     
           1           7  -2597.2118187362430     
           1           8   19.651874304036028     
           1           9  -2457.5725283499851     
           1          10  -100.59123095647738     
           2           1  -764.99363217402424     
           2           2   0.0000000000000000     
           2           3  -758.83366125466273     
           2           4  -1805.6209926543524     
           2           5   344.22730314030923     
           2           6  -2378.5637131441326     
           2           7  -416.15150946733775     
           2           8  -489.52247747946967     
           2           9  -1873.4595256690518     
           2          10   142.35144491534447     
           3           1   3.5498243412184820     
           3           2  -758.83366125466273     
           3           3   0.0000000000000000     
           3           4   652.81998890457908     
           3           5  -729.63586930598103     
           3           6  -162.28207372768884     
           3           7  -2.2364781522082922     
           3           8  -2343.4421148605761     
           3           9  -770.78346140161011     
           3          10  -1273.9269144723221     
           4           1  -501.50045955951646     
           4           2  -1805.6209926543524     
           4           3   652.81998890457908     
           4           4   0.0000000000000000     
           4           5  -2330.2256169788016     
           4           6  -948.17317786069179     
           4           7  -2366.0820157291382     
           4           8  -1981.5391024631535     
           4           9  -1457.5420483656344     
           4          10  -977.45982845813705     
           5           1   31.588738681504765     
           5           2   344.22730314030923     
           5           3  -729.63586930598103     
           5           4  -2330.2256169788016     
           5           5   0.0000000000000000     
           5           6   232.59717633218679     
           5           7  -280.77840533492417     
           5           8  -65.955409029404109     
           5           9   148.12107703253059     
           5          10  -2782.5676172147214     
           6           1   618.56957342657552     
           6           2  -2378.5637131441326     
           6           3  -162.28207372768884     
           6           4  -948.17317786069179     
           6           5   232.59717633218679     
           6           6   0.0000000000000000     
           6           7  -2121.5201085053559     
           6           8  -105.72067018096277     
           6           9   558.00255827324145     
           6          10   49.056128266711312     
           7           1  -2597.2118187362430     
           7           2  -416.15150946733775     
           7           3  -2.2364781522082922     
           7           4  -2366.0820157291382     
           7           5  -280.77840533492417     
           7           6  -2121.5201085053559     
           7           7   0.0000000000000000     
           7           8   403.94823864477803     
           7           9  -330.62537273082125     
           7          10  -184.80097946758542     
           8           1   19.651874304036028     
           8           2  -489.52247747946967     
           8           3  -2343.4421148605761     
           8           4  -1981.5391024631535     
           8           5  -65.955409029404109     
           8           6  -105.72067018096277     
           8           7   403.94823864477803     
           8           8   0.0000000000000000     
           8           9  -2384.0329926688428     
           8          10  -833.29629246491822     
           9           1  -2457.5725283499851     
           9           2  -1873.4595256690518     
           9           3  -770.78346140161011     
           9           4  -1457.5420483656344     
           9           5   148.12107703253059     
           9           6   558.00255827324145     
           9           7  -330.62537273082125     
           9           8  -2384.0329926688428     
           9           9   0.0000000000000000     
           9          10   271.89694952228456     
          10           1  -100.59123095647738     
          10           2   142.35144491534447     
          10           3  -1273.9269144723221     
          10           4  -977.45982845813705     
          10           5  -2782.5676172147214     
          10           6   49.056128266711312     
          10           7  -184.80097946758542     
          10           8  -833.29629246491822     
          10           9   271.89694952228456     
          10          10   0.0000000000000000     

 ---------------------------------
 Culmative Energy,   Detailed Calc Final Energy
 Inter:  -35100.267223030794       -35100.267223033508     
 Intra Nonbonded:   0.0000000000000000        0.0000000000000000     
 Stretch:   0.0000000000000000        0.0000000000000000     
 Bend:   0.0000000000000000        0.0000000000000000     
 Torsional:   0.0000000000000000        0.0000000000000000     
 ---------------------------------
 Cluster Size Histogram:
 ---------------------------------
 Energy Table:
           1  -5748.5096590229368     
           2  -8000.5667637873703     
           3  -5384.7707599292626     
           4  -11715.323253164861     
           5  -5432.6286226773009     
           6  -4258.0343071201060     
           7  -7895.4584494788323     
           8  -7779.9089461985277     
           9  -8295.9953443578997     
          10  -5689.3383403298358     
 NeighborList:
           1           2 T
           1           3 F
           1           4 T
           1           5 F
           1           6 F
           1           7 T
           1           8 F
           1           9 T
           1          10 F
           2           1 T
           2           3 T
           2           4 T
           2           5 F
           2           6 T
           2           7 F
           2           8 F
           2           9 T
           2          10 F
           3           1 F
           3           2 T
           3           4 F
           3           5 T
           3           6 F
           3           7 F
           3           8 T
           3           9 T
           3          10 T
           4           1 T
           4           2 T
           4           3 F
           4           5 T
           4           6 T
           4           7 T
           4           8 T
           4           9 T
           4          10 T
           5           1 F
           5           2 F
           5           3 T
           5           4 T
           5           6 F
           5           7 F
           5           8 F
           5           9 F
           5          10 T
           6           1 F
           6           2 T
           6           3 F
           6           4 T
           6           5 F
           6           7 T
           6           8 F
           6           9 F
           6          10 F
           7           1 T
           7           2 F
           7           3 F
           7           4 T
           7           5 F
           7           6 T
           7           8 F
           7           9 F
           7          10 F
           8           1 F
           8           2 F
           8           3 T
           8           4 T
           8           5 F
           8           6 F
           8           7 F
           8           9 T
           8          10 T
           9           1 T
           9           2 T
           9           3 T
           9           4 T
           9           5 F
           9           6 F
           9           7 F
           9           8 T
           9          10 F
          10           1 F
          10           2 F
          10           3 T
          10           4 T
          10           5 T
          10           6 F
          10           7 F
          10           8 T
          10           9 F
 Acceptance Rate by Cluster Size:
           1   32.583264403517951     
           2   9.6584462720350412     
           3   1.7930891129186655     
           4   6.7796710764500947     
           5   6.5786879029199845     
           6   5.3712337513703661     
           7   4.3631095308459553     
           8   4.3295665818378408     
           9   4.0932528530583321     
