 
           1   0.0000000000000000     
           2   3.3764026247515950     
           3   5.0536841790368561     
           4   5.7792938726593714     
           5   7.0798304498893110     
           6   8.2733245464709420     
           7   9.1993296358455137     
           8   9.9866790900433227     
           9   10.653954007341392     
          10   11.264351211246877     
          11   11.780509532355747     
          12   12.257521804254292     
          13   12.665885184942857     
          14   13.026999540310483     
          15   13.319962399807835     
          16   13.550787475928876     
          17   13.760176798486746     
          18   13.926259187395337     
          19   14.060883249000330     
          20   14.137533817667347     
          21   14.216217625653508     
          22   14.288897361384533     
          23   14.340891565997994     
          24   14.349181056414917     
          25   14.352946883965469     
          26   14.336693864157844     
          27   14.306991151406613     
          28   14.208882266180790     
          29   14.073398466206511     
          30   14.007507134568334     
 Rmin Table:
  0.80000000000000004       0.80000000000000004       0.80000000000000004     
  0.80000000000000004       0.80000000000000004       0.80000000000000004     
  0.80000000000000004       0.80000000000000004       0.80000000000000004     
 Molecular Index List
 Type, Mol, Index
           1           1           1
           1           2           2
           1           3           3
           1           4           4
           1           5           5
           1           6           6
           1           7           7
           1           8           8
           1           9           9
           1          10          10
           1          11          11
           1          12          12
           1          13          13
           1          14          14
           1          15          15
           1          16          16
           1          17          17
           1          18          18
           1          19          19
           1          20          20
           1          21          21
           1          22          22
           1          23          23
           1          24          24
           1          25          25
           1          26          26
           1          27          27
           1          28          28
           1          29          29
           1          30          30
 Pairlist:
           1           1   0.0000000000000000     

 Initial Energy Table:

 Rejection Distance:  0.80000000000000004       0.80000000000000004       0.80000000000000004     
 Regrow Type:           0
 Pairlist:
           1           1   0.0000000000000000     
           1           2  -1726.4335400675773     
           1           3  -3029.0101110082687     
           1           4  -662.63649008774519     
           1           5  -54.159252703349921     
           1           6   7.9172184121380269     
           1           7   1.6614952654199442     
           1           8   378.66004995859112     
           1           9   130.72810102476433     
           1          10   308.63693822964706     
           1          11  -12.092110307821713     
           1          12  0.32885722063656431     
           1          13  -159.06016007080325     
           1          14   51.549947800431255     
           1          15  -163.37879981519291     
           1          16  -8.3302095773760811     
           1          17  -13.264396136069990     
           1          18  -343.98228797208503     
           1          19   3.1712170891878486     
           1          20   60.808725408438477     
           1          21  -24.242949048089940     
           1          22  -331.99369330266927     
           1          23  -415.38375560516579     
           1          24   24.562331229135452     
           1          25   114.86378399780006     
           1          26   54.503452596512943     
           2           1  -1726.4335400675773     
           2           2   0.0000000000000000     
           2           3  -240.03996994703630     
           2           4  -1538.1637841075280     
           2           5  -824.39840271596768     
           2           6   29.259606294181140     
           2           7   163.30672551476528     
           2           8  -27.302434087148868     
           2           9  -141.21180704620929     
           2          10  -2189.6880056580849     
           2          11  -382.21974926627445     
           2          12   45.581301643625920     
           2          13   107.08653733625397     
           2          14  -28.901477396721020     
           2          15  -6.0872695972648216E-002
           2          16   178.10084572350388     
           2          17   147.06320023975422     
           2          18  -1585.5553727610677     
           2          19  -131.85545414303488     
           2          20  -114.17743344455084     
           2          21  -166.10037342728901     
           2          22  -108.30413495966786     
           2          23  -1863.2523225469486     
           2          24  -58.220794023640337     
           2          25  -181.57128198004648     
           2          26   347.90787572836416     
           3           1  -3029.0101110082687     
           3           2  -240.03996994703630     
           3           3   0.0000000000000000     
           3           4  -2557.4341609901312     
           3           5  -90.873331518771010     
           3           6   61.348647365917714     
           3           7   192.33581886932006     
           3           8   2033.0550006243429     
           3           9   22.952866226307378     
           3          10   109.93600824133318     
           3          11  -54.246526875249401     
           3          12   68.271525035921513     
           3          13  -147.63915182921119     
           3          14   121.49352188299599     
           3          15  -742.77944878184644     
           3          16 -0.64386242134060012     
           3          17   30.795516283138568     
           3          18  -93.864342468084942     
           3          19  -187.83001526270527     
           3          20  -199.35295493301965     
           3          21  -226.67692116771650     
           3          22  -1842.1581423013195     
           3          23  -49.289953304585651     
           3          24   13.267253803340282     
           3          25   27.233916497440077     
           3          26   8.6940781527373474     
           4           1  -662.63649008774519     
           4           2  -1538.1637841075280     
           4           3  -2557.4341609901312     
           4           4   0.0000000000000000     
           4           5   158.44385134127515     
           4           6  -28.665540721372963     
           4           7  -128.77983081009006     
           4           8  -658.86958939573378     
           4           9  -38.119024835039454     
           4          10  -388.04483843816706     
           4          11  -511.12221038770804     
           4          12  -66.688557454890542     
           4          13   289.13601533803012     
           4          14  -255.56006997544682     
           4          15  -206.65988275885320     
           4          16  -319.96123159726994     
           4          17  -121.79526488440024     
           4          18   38.750363930375897     
           4          19   119.81053144430189     
           4          20  -1616.3600765880983     
           4          21   1438.4698222500592     
           4          22   25.120810777436418     
           4          23  -1.9513100176991429     
           4          24  -2.9763573715463281     
           4          25  -86.996874126649345     
           4          26  -353.05634297987126     
           5           1  -54.159252703349921     
           5           2  -824.39840271596768     
           5           3  -90.873331518771010     
           5           4   158.44385134127515     
           5           5   0.0000000000000000     
           5           6  -80.076742701869080     
           5           7  -124.76223721127462     
           5           8  -72.202506240122602     
           5           9   14.469916107111203     
           5          10   82.485267874209967     
           5          11  -599.56962504534022     
           5          12  -321.13700047597740     
           5          13  -2073.5829016604548     
           5          14   125.61069882602169     
           5          15  -115.51823018505456     
           5          16  -1138.0606751483647     
           5          17  -200.12382333621645     
           5          18  -2502.7713389996134     
           5          19   19.178778287834575     
           5          20   161.89840477637699     
           5          21   170.63176282675704     
           5          22  -26.110015016532998     
           5          23   383.96565171363909     
           5          24  -91.011209441039682     
           5          25   28.819246792951162     
           5          26  -1385.0886429163074     
           6           1   7.9172184121380269     
           6           2   29.259606294181140     
           6           3   61.348647365917714     
           6           4  -28.665540721372963     
           6           5  -80.076742701869080     
           6           6   0.0000000000000000     
           6           7  -2421.9946257097181     
           6           8  -240.30332593502681     
           6           9  -2035.9106822448666     
           6          10   44.891246004102868     
           6          11  -136.73170796969498     
           6          12  -702.00405805274204     
           6          13  -117.53018908357990     
           6          14  -117.87468298809108     
           6          15   114.25800073505525     
           6          16   39.989854331281094     
           6          17   100.36940497482647     
           6          18  -29.796519454088411     
           6          19  -56.650509089584375     
           6          20  -24.656309341524320     
           6          21  -36.910867578120815     
           6          22   18.824182314663631     
           6          23   17.964073985964205     
           6          24  -2393.1491510555279     
           6          25  -101.32388069666922     
           6          26 -0.29879520937720372     
           7           1   1.6614952654199442     
           7           2   163.30672551476528     
           7           3   192.33581886932006     
           7           4  -128.77983081009006     
           7           5  -124.76223721127462     
           7           6  -2421.9946257097181     
           7           7   0.0000000000000000     
           7           8  -2367.9854257807310     
           7           9  -314.32841898201150     
           7          10   443.96229040867911     
           7          11  -719.41464430314227     
           7          12  -1146.5310195418861     
           7          13  -578.18490641750395     
           7          14  -198.54507428235229     
           7          15   343.62209737281228     
           7          16   47.382048186562315     
           7          17   194.68197890491865     
           7          18  -16.356411969125475     
           7          19  -132.25873273527395     
           7          20  -44.815150548227393     
           7          21  -122.47467706543466     
           7          22  -212.52170994642802     
           7          23   32.454418412893574     
           7          24   802.53552493311145     
           7          25  -742.03528048773296     
           7          26  -25.095277375767182     
           8           1   378.66004995859112     
           8           2  -27.302434087148868     
           8           3   2033.0550006243429     
           8           4  -658.86958939573378     
           8           5  -72.202506240122602     
           8           6  -240.30332593502681     
           8           7  -2367.9854257807310     
           8           8   0.0000000000000000     
           8           9   114.20435519750026     
           8          10  -2197.2543203204987     
           8          11  -955.50295105794794     
           8          12   425.82977843118715     
           8          13  -369.79913226665667     
           8          14   196.66608587381779     
           8          15  -1130.5690637264852     
           8          16  -42.844633110373252     
           8          17  -57.123364528062666     
           8          18  -42.736114314189763     
           8          19   9.3993280181966838     
           8          20  -55.146859107360797     
           8          21  -185.79548897976201     
           8          22  -1577.1576345050780     
           8          23   9.1689175183164480     
           8          24   130.76194668189055     
           8          25  -125.58238231611904     
           8          26  -62.310316931951093     
           9           1   130.72810102476433     
           9           2  -141.21180704620929     
           9           3   22.952866226307378     
           9           4  -38.119024835039454     
           9           5   14.469916107111203     
           9           6  -2035.9106822448666     
           9           7  -314.32841898201150     
           9           8   114.20435519750026     
           9           9   0.0000000000000000     
           9          10  -516.25393110867299     
           9          11  -2.0187496684848156     
           9          12  -66.490394481766998     
           9          13  -179.11745475550924     
           9          14   8.6273255725536728     
           9          15  -23.633484156063787     
           9          16   1.3494561285588134     
           9          17  -13.358025703604653     
           9          18  -84.378295593007351     
           9          19  -5.1226074215082917     
           9          20  -4.4357390183649841     
           9          21   4.3950754569559649     
           9          22   88.499336419958126     
           9          23  -48.947156069414632     
           9          24  -127.18722092737153     
           9          25  -2061.7294255236120     
           9          26   31.489590869441599     
          10           1   308.63693822964706     
          10           2  -2189.6880056580849     
          10           3   109.93600824133318     
          10           4  -388.04483843816706     
          10           5   82.485267874209967     
          10           6   44.891246004102868     
          10           7   443.96229040867911     
          10           8  -2197.2543203204987     
          10           9  -516.25393110867299     
          10          10   0.0000000000000000     
          10          11  -451.54295914089016     
          10          12  -740.54072894420824     
          10          13  -1491.5527145360611     
          10          14  -6.5279267907317262     
          10          15  -86.735754453984555     
          10          16   2.5823964004230220     
          10          17  -31.010329663211451     
          10          18  -269.04480118551874     
          10          19  -98.803053958610690     
          10          20   13.964438024489937     
          10          21   5.8083675109301112     
          10          22  -73.934267747463309     
          10          23  -252.28897842304650     
          10          24  -347.05681509787973     
          10          25  -2052.5406778621982     
          10          26   130.39450996249434     
          11           1  -12.092110307821713     
          11           2  -382.21974926627445     
          11           3  -54.246526875249401     
          11           4  -511.12221038770804     
          11           5  -599.56962504534022     
          11           6  -136.73170796969498     
          11           7  -719.41464430314227     
          11           8  -955.50295105794794     
          11           9  -2.0187496684848156     
          11          10  -451.54295914089016     
          11          11   0.0000000000000000     
          11          12  -434.34453506241698     
          11          13  -118.50593403229868     
          11          14  -701.02159895544901     
          11          15  -717.92540737648960     
          11          16  -87.251409306132700     
          11          17  -518.72303761017247     
          11          18  -161.32513504182134     
          11          19   2082.2908470785915     
          11          20  -403.99950044193974     
          11          21  -1349.1584482001854     
          11          22  -139.19397922831558     
          11          23   29.217512425871973     
          11          24  -12.115074368462956     
          11          25  -110.38742754484701     
          11          26  -126.42002391508868     
          12           1  0.32885722063656431     
          12           2   45.581301643625920     
          12           3   68.271525035921513     
          12           4  -66.688557454890542     
          12           5  -321.13700047597740     
          12           6  -702.00405805274204     
          12           7  -1146.5310195418861     
          12           8   425.82977843118715     
          12           9  -66.490394481766998     
          12          10  -740.54072894420824     
          12          11  -434.34453506241698     
          12          12   0.0000000000000000     
          12          13  -2742.7178242563969     
          12          14  -1612.5190828325431     
          12          15   246.71999963159033     
          12          16   152.41901742166374     
          12          17   689.90971390117193     
          12          18  -66.940918281616177     
          12          19  -137.94273515543682     
          12          20  -76.594507733632781     
          12          21  -155.83480495147887     
          12          22  -6.7807393359253183     
          12          23   41.626401734774845     
          12          24  -1436.2655576205143     
          12          25  -857.41049384509824     
          12          26  -18.089731189029408     
          13           1  -159.06016007080325     
          13           2   107.08653733625397     
          13           3  -147.63915182921119     
          13           4   289.13601533803012     
          13           5  -2073.5829016604548     
          13           6  -117.53018908357990     
          13           7  -578.18490641750395     
          13           8  -369.79913226665667     
          13           9  -179.11745475550924     
          13          10  -1491.5527145360611     
          13          11  -118.50593403229868     
          13          12  -2742.7178242563969     
          13          13   0.0000000000000000     
          13          14   363.88214423661702     
          13          15  -286.06112489516090     
          13          16  -344.94012108887546     
          13          17  -1760.1668392818392     
          13          18  -252.60693171360617     
          13          19   105.18102286616340     
          13          20   106.64889041607967     
          13          21   256.74550437594735     
          13          22  -84.712645873285510     
          13          23   175.28699033032899     
          13          24  -326.49191150117986     
          13          25  -970.80698800683604     
          13          26  -224.40867933805566     
          14           1   51.549947800431255     
          14           2  -28.901477396721020     
          14           3   121.49352188299599     
          14           4  -255.56006997544682     
          14           5   125.61069882602169     
          14           6  -117.87468298809108     
          14           7  -198.54507428235229     
          14           8   196.66608587381779     
          14           9   8.6273255725536728     
          14          10  -6.5279267907317262     
          14          11  -701.02159895544901     
          14          12  -1612.5190828325431     
          14          13   363.88214423661702     
          14          14   0.0000000000000000     
          14          15   384.99351400724117     
          14          16  -296.34839494816697     
          14          17  -1859.1486084321514     
          14          18   21.844209131395473     
          14          19  -1337.3868138941034     
          14          20  -95.009929625473887     
          14          21  -649.90997765062639     
          14          22   56.334522512377589     
          14          23  -51.869441378519696     
          14          24  -194.93853306570236     
          14          25  -45.896210187711404     
          14          26  -34.263323330262210     
          15           1  -163.37879981519291     
          15           2  -6.0872695972648216E-002
          15           3  -742.77944878184644     
          15           4  -206.65988275885320     
          15           5  -115.51823018505456     
          15           6   114.25800073505525     
          15           7   343.62209737281228     
          15           8  -1130.5690637264852     
          15           9  -23.633484156063787     
          15          10  -86.735754453984555     
          15          11  -717.92540737648960     
          15          12   246.71999963159033     
          15          13  -286.06112489516090     
          15          14   384.99351400724117     
          15          15   0.0000000000000000     
          15          16   43.877232583552541     
          15          17   106.71056004613638     
          15          18  -40.971929972100043     
          15          19  -2299.6170828145114     
          15          20  -198.68525339075495     
          15          21  -543.56968725829211     
          15          22  -1952.5723598549812     
          15          23   24.692577917328890     
          15          24   54.894048087277042     
          15          25  -16.853375302533095     
          15          26   9.3469871864654124     
          16           1  -8.3302095773760811     
          16           2   178.10084572350388     
          16           3 -0.64386242134060012     
          16           4  -319.96123159726994     
          16           5  -1138.0606751483647     
          16           6   39.989854331281094     
          16           7   47.382048186562315     
          16           8  -42.844633110373252     
          16           9   1.3494561285588134     
          16          10   2.5823964004230220     
          16          11  -87.251409306132700     
          16          12   152.41901742166374     
          16          13  -344.94012108887546     
          16          14  -296.34839494816697     
          16          15   43.877232583552541     
          16          16   0.0000000000000000     
          16          17  -2129.5883984471729     
          16          18   104.20744484532770     
          16          19  -274.02481416074443     
          16          20   272.05891794247873     
          16          21  -2372.1827549488517     
          16          22   35.467070645019703     
          16          23  -90.029714402189711     
          16          24   61.265687306560721     
          16          25   13.560576167070394     
          16          26  -2054.3338793139555     
          17           1  -13.264396136069990     
          17           2   147.06320023975422     
          17           3   30.795516283138568     
          17           4  -121.79526488440024     
          17           5  -200.12382333621645     
          17           6   100.36940497482647     
          17           7   194.68197890491865     
          17           8  -57.123364528062666     
          17           9  -13.358025703604653     
          17          10  -31.010329663211451     
          17          11  -518.72303761017247     
          17          12   689.90971390117193     
          17          13  -1760.1668392818392     
          17          14  -1859.1486084321514     
          17          15   106.71056004613638     
          17          16  -2129.5883984471729     
          17          17   0.0000000000000000     
          17          18   88.039540580830362     
          17          19  -369.21342076260044     
          17          20   92.124259913245623     
          17          21  -631.14708743847586     
          17          22   37.826035011727072     
          17          23  -23.840987149909779     
          17          24   112.82725625215608     
          17          25   25.830709942914837     
          17          26  -349.31577192008263     
          18           1  -343.98228797208503     
          18           2  -1585.5553727610677     
          18           3  -93.864342468084942     
          18           4   38.750363930375897     
          18           5  -2502.7713389996134     
          18           6  -29.796519454088411     
          18           7  -16.356411969125475     
          18           8  -42.736114314189763     
          18           9  -84.378295593007351     
          18          10  -269.04480118551874     
          18          11  -161.32513504182134     
          18          12  -66.940918281616177     
          18          13  -252.60693171360617     
          18          14   21.844209131395473     
          18          15  -40.971929972100043     
          18          16   104.20744484532770     
          18          17   88.039540580830362     
          18          18   0.0000000000000000     
          18          19  -43.593995292412728     
          18          20  -3.7192059139888443     
          18          21  -96.212117105336802     
          18          22  -49.854764484185580     
          18          23  -232.80344047809922     
          18          24  -59.927336477496283     
          18          25  -104.06876424664006     
          18          26   407.16908785724081     
          19           1   3.1712170891878486     
          19           2  -131.85545414303488     
          19           3  -187.83001526270527     
          19           4   119.81053144430189     
          19           5   19.178778287834575     
          19           6  -56.650509089584375     
          19           7  -132.25873273527395     
          19           8   9.3993280181966838     
          19           9  -5.1226074215082917     
          19          10  -98.803053958610690     
          19          11   2082.2908470785915     
          19          12  -137.94273515543682     
          19          13   105.18102286616340     
          19          14  -1337.3868138941034     
          19          15  -2299.6170828145114     
          19          16  -274.02481416074443     
          19          17  -369.21342076260044     
          19          18  -43.593995292412728     
          19          19   0.0000000000000000     
          19          20  -495.39646555594663     
          19          21  -2800.6068860496453     
          19          22  -267.75185669300117     
          19          23  -84.232176480090857     
          19          24  -10.464754264616204     
          19          25  -36.929103387610667     
          19          26   2.3753512449220580     
          20           1   60.808725408438477     
          20           2  -114.17743344455084     
          20           3  -199.35295493301965     
          20           4  -1616.3600765880983     
          20           5   161.89840477637699     
          20           6  -24.656309341524320     
          20           7  -44.815150548227393     
          20           8  -55.146859107360797     
          20           9  -4.4357390183649841     
          20          10   13.964438024489937     
          20          11  -403.99950044193974     
          20          12  -76.594507733632781     
          20          13   106.64889041607967     
          20          14  -95.009929625473887     
          20          15  -198.68525339075495     
          20          16   272.05891794247873     
          20          17   92.124259913245623     
          20          18  -3.7192059139888443     
          20          19  -495.39646555594663     
          20          20   0.0000000000000000     
          20          21  -2523.3215598890019     
          20          22  -74.956076429418317     
          20          23  -1384.4833118886454     
          20          24  -21.399997790305861     
          20          25  -6.5363792122770974     
          20          26  -406.20132407720666     
          21           1  -24.242949048089940     
          21           2  -166.10037342728901     
          21           3  -226.67692116771650     
          21           4   1438.4698222500592     
          21           5   170.63176282675704     
          21           6  -36.910867578120815     
          21           7  -122.47467706543466     
          21           8  -185.79548897976201     
          21           9   4.3950754569559649     
          21          10   5.8083675109301112     
          21          11  -1349.1584482001854     
          21          12  -155.83480495147887     
          21          13   256.74550437594735     
          21          14  -649.90997765062639     
          21          15  -543.56968725829211     
          21          16  -2372.1827549488517     
          21          17  -631.14708743847586     
          21          18  -96.212117105336802     
          21          19  -2800.6068860496453     
          21          20  -2523.3215598890019     
          21          21   0.0000000000000000     
          21          22  -58.400653695691290     
          21          23  -180.95652715859615     
          21          24  -3.2400643268665590     
          21          25  -12.219835389543732     
          21          26   299.70978971106524     
          22           1  -331.99369330266927     
          22           2  -108.30413495966786     
          22           3  -1842.1581423013195     
          22           4   25.120810777436418     
          22           5  -26.110015016532998     
          22           6   18.824182314663631     
          22           7  -212.52170994642802     
          22           8  -1577.1576345050780     
          22           9   88.499336419958126     
          22          10  -73.934267747463309     
          22          11  -139.19397922831558     
          22          12  -6.7807393359253183     
          22          13  -84.712645873285510     
          22          14   56.334522512377589     
          22          15  -1952.5723598549812     
          22          16   35.467070645019703     
          22          17   37.826035011727072     
          22          18  -49.854764484185580     
          22          19  -267.75185669300117     
          22          20  -74.956076429418317     
          22          21  -58.400653695691290     
          22          22   0.0000000000000000     
          22          23  -2.0439531562151387     
          22          24   4.2069901577124256     
          22          25   68.093856596842670     
          22          26   41.420983371343027     
          23           1  -415.38375560516579     
          23           2  -1863.2523225469486     
          23           3  -49.289953304585651     
          23           4  -1.9513100176991429     
          23           5   383.96565171363909     
          23           6   17.964073985964205     
          23           7   32.454418412893574     
          23           8   9.1689175183164480     
          23           9  -48.947156069414632     
          23          10  -252.28897842304650     
          23          11   29.217512425871973     
          23          12   41.626401734774845     
          23          13   175.28699033032899     
          23          14  -51.869441378519696     
          23          15   24.692577917328890     
          23          16  -90.029714402189711     
          23          17  -23.840987149909779     
          23          18  -232.80344047809922     
          23          19  -84.232176480090857     
          23          20  -1384.4833118886454     
          23          21  -180.95652715859615     
          23          22  -2.0439531562151387     
          23          23   0.0000000000000000     
          23          24   7.4959412894022535     
          23          25  -90.640128096747503     
          23          26  -1154.2595325925358     
          24           1   24.562331229135452     
          24           2  -58.220794023640337     
          24           3   13.267253803340282     
          24           4  -2.9763573715463281     
          24           5  -91.011209441039682     
          24           6  -2393.1491510555279     
          24           7   802.53552493311145     
          24           8   130.76194668189055     
          24           9  -127.18722092737153     
          24          10  -347.05681509787973     
          24          11  -12.115074368462956     
          24          12  -1436.2655576205143     
          24          13  -326.49191150117986     
          24          14  -194.93853306570236     
          24          15   54.894048087277042     
          24          16   61.265687306560721     
          24          17   112.82725625215608     
          24          18  -59.927336477496283     
          24          19  -10.464754264616204     
          24          20  -21.399997790305861     
          24          21  -3.2400643268665590     
          24          22   4.2069901577124256     
          24          23   7.4959412894022535     
          24          24   0.0000000000000000     
          24          25  -2166.1909752674765     
          24          26   19.745008850804879     
          25           1   114.86378399780006     
          25           2  -181.57128198004648     
          25           3   27.233916497440077     
          25           4  -86.996874126649345     
          25           5   28.819246792951162     
          25           6  -101.32388069666922     
          25           7  -742.03528048773296     
          25           8  -125.58238231611904     
          25           9  -2061.7294255236120     
          25          10  -2052.5406778621982     
          25          11  -110.38742754484701     
          25          12  -857.41049384509824     
          25          13  -970.80698800683604     
          25          14  -45.896210187711404     
          25          15  -16.853375302533095     
          25          16   13.560576167070394     
          25          17   25.830709942914837     
          25          18  -104.06876424664006     
          25          19  -36.929103387610667     
          25          20  -6.5363792122770974     
          25          21  -12.219835389543732     
          25          22   68.093856596842670     
          25          23  -90.640128096747503     
          25          24  -2166.1909752674765     
          25          25   0.0000000000000000     
          25          26   58.541179218085745     
          26           1   54.503452596512943     
          26           2   347.90787572836416     
          26           3   8.6940781527373474     
          26           4  -353.05634297987126     
          26           5  -1385.0886429163074     
          26           6 -0.29879520937720372     
          26           7  -25.095277375767182     
          26           8  -62.310316931951093     
          26           9   31.489590869441599     
          26          10   130.39450996249434     
          26          11  -126.42002391508868     
          26          12  -18.089731189029408     
          26          13  -224.40867933805566     
          26          14  -34.263323330262210     
          26          15   9.3469871864654124     
          26          16  -2054.3338793139555     
          26          17  -349.31577192008263     
          26          18   407.16908785724081     
          26          19   2.3753512449220580     
          26          20  -406.20132407720666     
          26          21   299.70978971106524     
          26          22   41.420983371343027     
          26          23  -1154.2595325925358     
          26          24   19.745008850804879     
          26          25   58.541179218085745     
          26          26   0.0000000000000000     

 ---------------------------------
 Culmative Energy,   Detailed Calc Final Energy
 Inter:  -95647.413161385251       -95647.413161348682     
 Intra Nonbonded:   0.0000000000000000        0.0000000000000000     
 Stretch:   0.0000000000000000        0.0000000000000000     
 Bend:   0.0000000000000000        0.0000000000000000     
 Torsional:   0.0000000000000000        0.0000000000000000     
 ---------------------------------
 Cluster Size Histogram:
           1   1515532.0000000000     
           2   1505641.0000000000     
           3   1509844.0000000000     
           4   1401676.0000000000     
           5   1500777.0000000000     
           6   1519859.0000000000     
           7   1453960.0000000000     
           8   1603103.0000000000     
           9   1581376.0000000000     
          10   1518764.0000000000     
          11   1574042.0000000000     
          12   1675275.0000000000     
          13   1768317.0000000000     
          14   1866238.0000000000     
          15   1958666.0000000000     
          16   2079967.0000000000     
          17   2041078.0000000000     
          18   1957299.0000000000     
          19   1906873.0000000000     
          20   1891710.0000000000     
          21   1794194.0000000000     
          22   1610129.0000000000     
          23   1518439.0000000000     
          24   1562578.0000000000     
          25   1646584.0000000000     
          26   1596423.0000000000     
          27   1579685.0000000000     
          28   1553536.0000000000     
          29   1579449.0000000000     
          30   1728986.0000000000     
 ---------------------------------
 Energy Table:
           1  -5806.5756374694938     
           2  -10289.151117794325     
           3  -6772.4547398264949     
           4  -7474.1100424467586     
           5  -8553.9423567700869     
           6  -8089.0553534137234     
           7  -7074.1410252982241     
           8  -6870.7400802993943     
           9  -5245.5263945323513     
          10  -10050.158640672933     
          11  -6593.3243856017216     
          12  -8918.1460941949845     
          13  -10823.918505707879     
          14  -6154.7191758906192     
          15  -7196.4767398707991     
          16  -8206.2795507888222     
          17  -6451.6411792431172     
          18  -5420.4993773789247     
          19  -6428.2734010922541     
          20  -7041.7443984486308     
          21  -9963.2013591973009     
          22  -6432.6528387230937     
          23  -5204.4002034198929     
          24  -6019.0737640082443     
          25  -9432.7762142672764     
          26  -4781.8437463400005     
 NeighborList:
